 * 코스피지수: 날짜 , 종가 
 20250304,2528.92000; 20250305,2558.13000; 20250306,2576.16000; 20250307,2563.48000; 20250310,2570.39000; 20250311,2537.60000; 20250312,2574.82000; 20250313,2573.64000; 20250314,2566.36000; 20250317,2610.69000; 20250318,2612.34000; 20250319,2628.62000; 20250320,2637.10000; 20250321,2643.13000; 20250324,2632.07000; 20250325,2615.81000; 20250326,2643.94000; 20250327,2607.15000; 20250328,2557.98000; 20250331,2481.12000; 20250401,2521.39000; 20250402,2505.86000; 20250403,2486.70000; 20250404,2465.42000; 20250407,2328.20000; 20250408,2334.23000; 20250409,2293.70000; 20250410,2445.06000; 20250411,2432.72000; 20250414,2455.89000; 20250415,2477.41000; 20250416,2447.43000; 20250417,2470.41000; 20250418,2483.42000; 20250421,2488.42000; 20250422,2486.64000; 20250423,2525.56000; 20250424,2522.33000; 20250425,2546.30000; 20250428,2548.86000; 20250429,2565.42000; 20250430,2556.61000; 20250502,2559.79000; 20250507,2573.80000; 20250508,2579.48000; 20250509,2577.27000; 20250512,2607.33000; 20250513,2608.42000; 20250514,2640.57000; 20250515,2621.36000; 20250516,2626.87000; 20250519,2603.42000; 20250520,2601.80000; 20250521,2625.58000; 20250522,2593.67000; 20250523,2592.09000; 20250526,2644.40000; 20250527,2637.22000; 20250528,2670.15000; 20250529,2720.64000; 20250530,2697.67000; 20250602,2698.97000; 20250604,2770.84000; 20250605,2812.05000; 20250609,2855.77000; 20250610,2871.85000; 20250611,2907.04000; 20250612,2920.03000; 20250613,2894.62000; 20250616,2946.66000; 20250617,2950.30000; 20250618,2972.19000; 20250619,2977.74000; 20250620,3021.84000; 20250623,3014.47000; 20250624,3103.64000; 20250625,3108.25000; 20250626,3079.56000; 20250627,3055.94000; 20250630,3071.70000; 20250701,3089.65000; 20250702,3075.06000; 20250703,3116.27000; 20250704,3054.28000; 20250707,3059.47000; 20250708,3114.95000; 20250709,3133.74000; 20250710,3183.23000; 20250711,3175.77000; 20250714,3202.03000; 20250715,3215.28000; 20250716,3186.38000; 20250717,3192.29000; 20250718,3188.07000; 20250721,3210.81000; 20250722,3169.94000; 20250723,3183.77000; 20250724,3190.45000; 20250725,3196.05000; 20250728,3209.52000; 20250729,3230.57000; 20250730,3254.47000; 20250731,3245.44000; 20250801,3119.41000; 20250804,3147.75000; 20250805,3198.00000; 20250806,3198.14000; 20250807,3227.68000; 20250808,3210.01000; 20250811,3206.77000; 20250812,3189.91000; 20250813,3224.37000; 20250814,3225.66000; 20250818,3177.28000; 20250819,3151.56000; 20250820,3130.09000; 20250821,3141.74000; 20250822,3168.73000; 20250825,3209.86000; 20250826,3179.36000; 20250827,3187.16000; 20250828,3196.32000; 20250829,3186.01000; 20250901,3142.93000; 20250902,3172.35000; 20250903,3184.42000; 20250904,3200.83000; 20250905,3205.12000; 20250908,3219.59000; 20250909,3260.05000; 20250910,3314.53000; 20250911,3344.20000; 20250912,3395.54000; 20250915,3407.31000; 20250916,3449.62000; 20250917,3413.40000; 20250918,3461.30000; 20250919,3445.24000; 20250922,3468.65000; 20250923,3486.19000; 20250924,3472.14000; 20250925,3471.11000; 20250926,3386.05000; 20250929,3431.21000; 20250930,3424.60000; 20251001,3455.83000; 20251002,3549.21000; 20251010,3610.60000; 20251013,3584.55000; 20251014,3561.81000; 20251015,3657.28000; 20251016,3748.37000; 20251017,3748.89000; 20251020,3814.69000; 20251021,3823.84000; 20251022,3883.68000; 20251023,3845.56000; 20251024,3941.59000; 20251027,4042.83000; 20251028,4010.41000; 20251029,4081.15000; 20251030,4086.89000; 20251031,4107.50000; 20251103,4221.87000; 20251104,4121.74000; 20251105,4004.42000; 20251106,4026.45000; 20251107,3953.76000; 20251110,4073.24000; 20251111,4106.39000; 20251112,4150.39000; 20251113,4170.63000; 20251114,4011.57000; 20251117,4089.25000; 20251118,3953.62000; 20251119,3929.51000; 20251120,4004.85000; 20251121,3853.26000; 20251124,3846.06000; 20251125,3857.78000; 20251126,3960.87000; 20251127,3986.91000; 20251128,3926.59000; 20251201,3920.37000; 20251202,3994.93000; 20251203,4036.30000; 20251204,4028.51000; 20251205,4100.05000; 20251208,4154.85000; 20251209,4143.55000; 20251210,4135.00000; 20251211,4110.62000; 20251212,4167.16000; 20251215,4090.59000; 20251216,3999.13000; 20251217,4056.41000; 20251218,3994.51000; 20251219,4020.55000; 20251222,4105.93000; 20251223,4117.32000; 20251224,4108.62000; 20251226,4129.68000; 20251229,4220.56000; 20251230,4214.17000; 20260102,4309.63000; 20260105,4457.52000; 20260106,4525.48000; 20260107,4551.06000; 20260108,4552.37000; 20260109,4586.32000; 20260112,4624.79000; 20260113,4692.64000; 20260114,4723.10000; 20260115,4797.55000; 20260116,4840.74000; 20260119,4904.66000; 20260120,4885.75000; 20260121,4909.93000; 20260122,4952.53000; 20260123,4990.07000; 20260126,4949.59000; 20260127,5084.85000; 20260128,5170.81000; 20260129,5221.25000; 20260130,5224.36000; 20260202,4949.67000; 20260203,5288.08000; 20260204,5371.10000; 20260205,5163.57000; 20260206,5089.14000; 20260209,5298.04000; 20260210,5301.69000; 20260211,5354.49000; 20260212,5522.27000; 20260213,5507.01000; 20260219,5677.25000; 20260220,5808.53000; 20260223,5846.09000; 20260224,5969.64000; 20260225,6083.86000; 20260226,6307.27000; 20260227,6244.13000 
  * 코스피지수: 날짜 , 종가 
 20250304,2528.92000; 20250305,2558.13000; 20250306,2576.16000; 20250307,2563.48000; 20250310,2570.39000; 20250311,2537.60000; 20250312,2574.82000; 20250313,2573.64000; 20250314,2566.36000; 20250317,2610.69000; 20250318,2612.34000; 20250319,2628.62000; 20250320,2637.10000; 20250321,2643.13000; 20250324,2632.07000; 20250325,2615.81000; 20250326,2643.94000; 20250327,2607.15000; 20250328,2557.98000; 20250331,2481.12000; 20250401,2521.39000; 20250402,2505.86000; 20250403,2486.70000; 20250404,2465.42000; 20250407,2328.20000; 20250408,2334.23000; 20250409,2293.70000; 20250410,2445.06000; 20250411,2432.72000; 20250414,2455.89000; 20250415,2477.41000; 20250416,2447.43000; 20250417,2470.41000; 20250418,2483.42000; 20250421,2488.42000; 20250422,2486.64000; 20250423,2525.56000; 20250424,2522.33000; 20250425,2546.30000; 20250428,2548.86000; 20250429,2565.42000; 20250430,2556.61000; 20250502,2559.79000; 20250507,2573.80000; 20250508,2579.48000; 20250509,2577.27000; 20250512,2607.33000; 20250513,2608.42000; 20250514,2640.57000; 20250515,2621.36000; 20250516,2626.87000; 20250519,2603.42000; 20250520,2601.80000; 20250521,2625.58000; 20250522,2593.67000; 20250523,2592.09000; 20250526,2644.40000; 20250527,2637.22000; 20250528,2670.15000; 20250529,2720.64000; 20250530,2697.67000; 20250602,2698.97000; 20250604,2770.84000; 20250605,2812.05000; 20250609,2855.77000; 20250610,2871.85000; 20250611,2907.04000; 20250612,2920.03000; 20250613,2894.62000; 20250616,2946.66000; 20250617,2950.30000; 20250618,2972.19000; 20250619,2977.74000; 20250620,3021.84000; 20250623,3014.47000; 20250624,3103.64000; 20250625,3108.25000; 20250626,3079.56000; 20250627,3055.94000; 20250630,3071.70000; 20250701,3089.65000; 20250702,3075.06000; 20250703,3116.27000; 20250704,3054.28000; 20250707,3059.47000; 20250708,3114.95000; 20250709,3133.74000; 20250710,3183.23000; 20250711,3175.77000; 20250714,3202.03000; 20250715,3215.28000; 20250716,3186.38000; 20250717,3192.29000; 20250718,3188.07000; 20250721,3210.81000; 20250722,3169.94000; 20250723,3183.77000; 20250724,3190.45000; 20250725,3196.05000; 20250728,3209.52000; 20250729,3230.57000; 20250730,3254.47000; 20250731,3245.44000; 20250801,3119.41000; 20250804,3147.75000; 20250805,3198.00000; 20250806,3198.14000; 20250807,3227.68000; 20250808,3210.01000; 20250811,3206.77000; 20250812,3189.91000; 20250813,3224.37000; 20250814,3225.66000; 20250818,3177.28000; 20250819,3151.56000; 20250820,3130.09000; 20250821,3141.74000; 20250822,3168.73000; 20250825,3209.86000; 20250826,3179.36000; 20250827,3187.16000; 20250828,3196.32000; 20250829,3186.01000; 20250901,3142.93000; 20250902,3172.35000; 20250903,3184.42000; 20250904,3200.83000; 20250905,3205.12000; 20250908,3219.59000; 20250909,3260.05000; 20250910,3314.53000; 20250911,3344.20000; 20250912,3395.54000; 20250915,3407.31000; 20250916,3449.62000; 20250917,3413.40000; 20250918,3461.30000; 20250919,3445.24000; 20250922,3468.65000; 20250923,3486.19000; 20250924,3472.14000; 20250925,3471.11000; 20250926,3386.05000; 20250929,3431.21000; 20250930,3424.60000; 20251001,3455.83000; 20251002,3549.21000; 20251010,3610.60000; 20251013,3584.55000; 20251014,3561.81000; 20251015,3657.28000; 20251016,3748.37000; 20251017,3748.89000; 20251020,3814.69000; 20251021,3823.84000; 20251022,3883.68000; 20251023,3845.56000; 20251024,3941.59000; 20251027,4042.83000; 20251028,4010.41000; 20251029,4081.15000; 20251030,4086.89000; 20251031,4107.50000; 20251103,4221.87000; 20251104,4121.74000; 20251105,4004.42000; 20251106,4026.45000; 20251107,3953.76000; 20251110,4073.24000; 20251111,4106.39000; 20251112,4150.39000; 20251113,4170.63000; 20251114,4011.57000; 20251117,4089.25000; 20251118,3953.62000; 20251119,3929.51000; 20251120,4004.85000; 20251121,3853.26000; 20251124,3846.06000; 20251125,3857.78000; 20251126,3960.87000; 20251127,3986.91000; 20251128,3926.59000; 20251201,3920.37000; 20251202,3994.93000; 20251203,4036.30000; 20251204,4028.51000; 20251205,4100.05000; 20251208,4154.85000; 20251209,4143.55000; 20251210,4135.00000; 20251211,4110.62000; 20251212,4167.16000; 20251215,4090.59000; 20251216,3999.13000; 20251217,4056.41000; 20251218,3994.51000; 20251219,4020.55000; 20251222,4105.93000; 20251223,4117.32000; 20251224,4108.62000; 20251226,4129.68000; 20251229,4220.56000; 20251230,4214.17000; 20260102,4309.63000; 20260105,4457.52000; 20260106,4525.48000; 20260107,4551.06000; 20260108,4552.37000; 20260109,4586.32000; 20260112,4624.79000; 20260113,4692.64000; 20260114,4723.10000; 20260115,4797.55000; 20260116,4840.74000; 20260119,4904.66000; 20260120,4885.75000; 20260121,4909.93000; 20260122,4952.53000; 20260123,4990.07000; 20260126,4949.59000; 20260127,5084.85000; 20260128,5170.81000; 20260129,5221.25000; 20260130,5224.36000; 20260202,4949.67000; 20260203,5288.08000; 20260204,5371.10000; 20260205,5163.57000; 20260206,5089.14000; 20260209,5298.04000; 20260210,5301.69000; 20260211,5354.49000; 20260212,5522.27000; 20260213,5507.01000; 20260219,5677.25000; 20260220,5808.53000; 20260223,5846.09000; 20260224,5969.64000; 20260225,6083.86000; 20260226,6307.27000; 20260227,6244.13000 
 데이터프레임을 [데이터베이스]로 인식하고, 일자를 기준으로 오름차순으로 정렬한 후, 첫 행의 일자를 [시작일]로, 마지막 행의 일자를 [종료일]로 인식합니다.  

아래의 기법과 패러미터를 적용한 기술적 분석을 바탕으로 보고서를 A4 용지 2 페이지 이내의 한국어로 일반 주식 투자자가 쉽게 이해할 수 있게 작성합니다. 

1) [시가],[고가],[저가],[종가]를 반영한 캔들 차트를 기본으로 하고, 종가 기준 선 차트를 동시에 차트의 패턴 분석에 활용합니다.
2) 차트의 패턴은 최근 50일간의 캔들 차트를 기준으로 {현재 추세유지}, {추세 상승반전}, {추세 하락반전}, {횡보 보합세지속} 중 하나를 선택하고, 패턴명을 매칭합니다.
3) 이동평균값은 [종가]의 {5}일, {10}일, {20}일, {60}일의 설정값으로 하여 생성하고, 캔들 차트와 함께 저항과 지지, 방향과 배열, 교차와 이격, 수렴과 발산을 판단합니다.
4) 볼린저밴드는 [종가]에 대해 {10}일간의 지수이동평균(EMA)과 표준편차의 {2}배를 상단과 하단의 밴드로 설정합니다.  
5) [거래량]을 이용한 OBV를 작성하며, 최근 {5}일, 최근 {10}일, 최근 {20}일, 최근 {60}일도 생성합니다.
6) Stochastics 기법은 %K에는 {5}일간의 [시가], [고가], [저가], [종가]를, %D는 %K의 {3}일 이동평균값을, 슬로우 %D는  %D의 {3}일 이동평균값을 적용합니다.
7) MACD 기법은 [종가]에 지수이동평균(EMA)으로 {10}일과 {20}일을 이용하고, MACD 의 {9}일 지수이동평균 으로 시그널 라인을 생성합니다.
8) RSI기법에는 {10}일 [시가], [고가], [저가], [종가]를 적용합니다.
9) DMI기법에는 {10}일 [시가], [고가], [저가], [종가]를 적용합니다.

1단계: 보고서의 '제목'은 파일에서 인식한 [종목이름]을 인용한 다음 이어서 " :: AI기술적분석 요약보고서"로 표시합니다. 

부제목은 현재 날짜를 정확하게 인식해 ["( [시작일]mm월 dd일~[종료일]mm월 dd일)"로 표시합니다.

2단계: 최근 50일간의 일반적인 차트 패턴을 발견하여 "◎ 최근의 차트 패턴" 아래 줄에 패턴 명을 알려주고, 이이서 다섯 줄로 현상과 전망을 설명.

3단계: "◎ 기술적분석 지표 설명 및 해석" 제목 다음 줄에 각각의 기법별로 "☞ 현 상태: " 와 쉬운 해석을 두 줄 이내로 표시합니다.

4단계: "< 분석 결론 요약보고서 >" 제목 다음 줄부터 일반 개인 주식투자자로서 향후 대응을 위한 요약 보고서를 작성하여 표시합니다.  최종일의 [종가]와 50일 간의 [고가] [저가]와, 볼린저 밴드의 상단과 하단 값, 피봇의 R1과 S1 등을 반영한 의미있는 저항값, 지지값, 손절값의 가이드라인(가격 수준)을 제시하기 바랍니다.  
